---------------------------------------------------------------------------------------------------
    t |      expl. | priority queue
    0 |            | [(2, 3)]: 0.0
    1 |     (2, 3) | [(2, 3), (1, 3)]: 1.0; [(2, 3), (2, 4)]: 1.0
    2 |     (1, 3) | [(2, 3), (2, 4)]: 1.0; [(2, 3), (1, 3), (1, 2)]: 2.0; [(2, 3), (1, 3), (1, 4)]: 3.0
    3 |     (2, 4) | [(2, 3), (1, 3), (1, 2)]: 2.0; [(2, 3), (1, 3), (1, 4)]: 3.0; [(2, 3), (2, 4), (3, 4)]: 2.0
    4 |     (1, 2) | [(2, 3), (2, 4), (3, 4)]: 2.0; [(2, 3), (1, 3), (1, 4)]: 3.0; [(2, 3), (1, 3), (1, 2), (1, 1)]: 3.0; [(2, 3), (1, 3), (1, 2), (2, 2)]: 4.0
    5 |     (3, 4) | [(2, 3), (1, 3), (1, 4)]: 3.0; [(2, 3), (2, 4), (3, 4), (3, 3)]: 3.0; [(2, 3), (1, 3), (1, 2), (1, 1)]: 3.0; [(2, 3), (1, 3), (1, 2), (2, 2)]: 4.0; [(2, 3), (2, 4), (3, 4), (4, 4)]: 3.0
    6 |     (1, 4) | [(2, 3), (2, 4), (3, 4), (4, 4)]: 3.0; [(2, 3), (2, 4), (3, 4), (3, 3)]: 3.0; [(2, 3), (1, 3), (1, 2), (1, 1)]: 3.0; [(2, 3), (1, 3), (1, 2), (2, 2)]: 4.0; [(2, 3), (1, 3), (1, 4), (1, 5)]: 4.0
    7 |     (4, 4) | [(2, 3), (2, 4), (3, 4), (3, 3)]: 3.0; [(2, 3), (1, 3), (1, 4), (1, 5)]: 4.0; [(2, 3), (1, 3), (1, 2), (1, 1)]: 3.0; [(2, 3), (1, 3), (1, 2), (2, 2)]: 4.0; [(2, 3), (2, 4), (3, 4), (4, 4), (4, 5)]: 4.0; [(2, 3), (2, 4), (3, 4), (4, 4), (5, 4)]: 4.0
    8 |     (3, 3) | [(2, 3), (1, 3), (1, 2), (1, 1)]: 3.0; [(2, 3), (1, 3), (1, 4), (1, 5)]: 4.0; [(2, 3), (2, 4), (3, 4), (4, 4), (5, 4)]: 4.0; [(2, 3), (1, 3), (1, 2), (2, 2)]: 4.0; [(2, 3), (2, 4), (3, 4), (4, 4), (4, 5)]: 4.0; [(2, 3), (2, 4), (3, 4), (3, 3), (3, 2)]: 4.0; [(2, 3), (2, 4), (3, 4), (3, 3), (4, 3)]: 4.0
    9 |     (1, 1) | [(2, 3), (2, 4), (3, 4), (3, 3), (4, 3)]: 4.0; [(2, 3), (1, 3), (1, 4), (1, 5)]: 4.0; [(2, 3), (2, 4), (3, 4), (4, 4), (5, 4)]: 4.0; [(2, 3), (1, 3), (1, 2), (2, 2)]: 4.0; [(2, 3), (2, 4), (3, 4), (4, 4), (4, 5)]: 4.0; [(2, 3), (2, 4), (3, 4), (3, 3), (3, 2)]: 4.0; [(2, 3), (1, 3), (1, 2), (1, 1), (2, 1)]: 4.0
   10 |     (4, 3) | [(2, 3), (1, 3), (1, 2), (1, 1), (2, 1)]: 4.0; [(2, 3), (1, 3), (1, 4), (1, 5)]: 4.0; [(2, 3), (2, 4), (3, 4), (4, 4), (5, 4)]: 4.0; [(2, 3), (1, 3), (1, 2), (2, 2)]: 4.0; [(2, 3), (2, 4), (3, 4), (4, 4), (4, 5)]: 4.0; [(2, 3), (2, 4), (3, 4), (3, 3), (3, 2)]: 4.0; [(2, 3), (2, 4), (3, 4), (3, 3), (4, 3), (5, 3)]: 5.0
   11 |     (2, 1) | [(2, 3), (1, 3), (1, 4), (1, 5)]: 4.0; [(2, 3), (1, 3), (1, 2), (2, 2)]: 4.0; [(2, 3), (2, 4), (3, 4), (4, 4), (5, 4)]: 4.0; [(2, 3), (2, 4), (3, 4), (3, 3), (4, 3), (5, 3)]: 5.0; [(2, 3), (2, 4), (3, 4), (4, 4), (4, 5)]: 4.0; [(2, 3), (2, 4), (3, 4), (3, 3), (3, 2)]: 4.0
   12 |     (1, 5) | [(2, 3), (2, 4), (3, 4), (3, 3), (3, 2)]: 4.0; [(2, 3), (1, 3), (1, 2), (2, 2)]: 4.0; [(2, 3), (2, 4), (3, 4), (4, 4), (5, 4)]: 4.0; [(2, 3), (2, 4), (3, 4), (3, 3), (4, 3), (5, 3)]: 5.0; [(2, 3), (2, 4), (3, 4), (4, 4), (4, 5)]: 4.0; [(2, 3), (1, 3), (1, 4), (1, 5), (2, 5)]: 5.0
   13 |     (3, 2) | [(2, 3), (1, 3), (1, 2), (2, 2)]: 4.0; [(2, 3), (2, 4), (3, 4), (4, 4), (4, 5)]: 4.0; [(2, 3), (2, 4), (3, 4), (4, 4), (5, 4)]: 4.0; [(2, 3), (2, 4), (3, 4), (3, 3), (4, 3), (5, 3)]: 5.0; [(2, 3), (1, 3), (1, 4), (1, 5), (2, 5)]: 5.0; [(2, 3), (2, 4), (3, 4), (3, 3), (3, 2), (3, 1)]: 5.0
   14 |     (2, 2) | [(2, 3), (2, 4), (3, 4), (4, 4), (4, 5)]: 4.0; [(2, 3), (2, 4), (3, 4), (3, 3), (3, 2), (3, 1)]: 5.0; [(2, 3), (2, 4), (3, 4), (4, 4), (5, 4)]: 4.0; [(2, 3), (2, 4), (3, 4), (3, 3), (4, 3), (5, 3)]: 5.0; [(2, 3), (1, 3), (1, 4), (1, 5), (2, 5)]: 5.0
   15 |     (4, 5) | [(2, 3), (2, 4), (3, 4), (4, 4), (5, 4)]: 4.0; [(2, 3), (2, 4), (3, 4), (3, 3), (3, 2), (3, 1)]: 5.0; [(2, 3), (1, 3), (1, 4), (1, 5), (2, 5)]: 5.0; [(2, 3), (2, 4), (3, 4), (3, 3), (4, 3), (5, 3)]: 5.0; [(2, 3), (2, 4), (3, 4), (4, 4), (4, 5), (3, 5)]: 5.0; [(2, 3), (2, 4), (3, 4), (4, 4), (4, 5), (5, 5)]: 5.0
   16 |     (5, 4) | [(2, 3), (2, 4), (3, 4), (4, 4), (4, 5), (5, 5)]: 5.0; [(2, 3), (2, 4), (3, 4), (3, 3), (3, 2), (3, 1)]: 5.0; [(2, 3), (1, 3), (1, 4), (1, 5), (2, 5)]: 5.0; [(2, 3), (2, 4), (3, 4), (3, 3), (4, 3), (5, 3)]: 5.0; [(2, 3), (2, 4), (3, 4), (4, 4), (4, 5), (3, 5)]: 5.0
   17 |     (5, 5) | [(2, 3), (2, 4), (3, 4), (4, 4), (4, 5), (3, 5)]: 5.0; [(2, 3), (2, 4), (3, 4), (3, 3), (3, 2), (3, 1)]: 5.0; [(2, 3), (1, 3), (1, 4), (1, 5), (2, 5)]: 5.0; [(2, 3), (2, 4), (3, 4), (3, 3), (4, 3), (5, 3)]: 5.0
   18 |     (3, 5) | [(2, 3), (2, 4), (3, 4), (3, 3), (4, 3), (5, 3)]: 5.0; [(2, 3), (2, 4), (3, 4), (3, 3), (3, 2), (3, 1)]: 5.0; [(2, 3), (1, 3), (1, 4), (1, 5), (2, 5)]: 5.0
   19 |     (5, 3) | [(2, 3), (1, 3), (1, 4), (1, 5), (2, 5)]: 5.0; [(2, 3), (2, 4), (3, 4), (3, 3), (3, 2), (3, 1)]: 5.0; [(2, 3), (2, 4), (3, 4), (3, 3), (4, 3), (5, 3), (5, 2)]: 6.0
   20 |     (2, 5) | [(2, 3), (2, 4), (3, 4), (3, 3), (3, 2), (3, 1)]: 5.0; [(2, 3), (2, 4), (3, 4), (3, 3), (4, 3), (5, 3), (5, 2)]: 6.0
   21 |     (3, 1) | [(2, 3), (2, 4), (3, 4), (3, 3), (4, 3), (5, 3), (5, 2)]: 6.0; [(2, 3), (2, 4), (3, 4), (3, 3), (3, 2), (3, 1), (4, 1)]: 6.0
return goal: [(2, 3), (2, 4), (3, 4), (3, 3), (4, 3), (5, 3), (5, 2)]: 6.0
---------------------------------------------------------------------------------------------------

gbfs

---------------------------------------------------------------------------------------------------
    t |      expl. | priority queue
    0 |            | [(2, 3)]: 0.0
    1 |     (2, 3) | [(2, 3), (1, 3)]: 2.23606797749979; [(2, 3), (2, 4)]: 2.23606797749979
    2 |     (1, 3) | [(2, 3), (1, 3), (1, 4)]: 1.4142135623730951; [(2, 3), (2, 4)]: 2.23606797749979; [(2, 3), (1, 3), (1, 2)]: 2.0
    3 |     (1, 4) | [(2, 3), (1, 3), (1, 4), (1, 5)]: 1.7320508075688772; [(2, 3), (2, 4)]: 2.23606797749979; [(2, 3), (1, 3), (1, 2)]: 2.0
    4 |     (1, 5) | [(2, 3), (1, 3), (1, 2)]: 2.0; [(2, 3), (2, 4)]: 2.23606797749979; [(2, 3), (1, 3), (1, 4), (1, 5), (2, 5)]: 2.0
    5 |     (1, 2) | [(2, 3), (1, 3), (1, 2), (2, 2)]: 1.7320508075688772; [(2, 3), (1, 3), (1, 4), (1, 5), (2, 5)]: 2.0; [(2, 3), (1, 3), (1, 2), (1, 1)]: 2.23606797749979; [(2, 3), (2, 4)]: 2.23606797749979
    6 |     (2, 2) | [(2, 3), (1, 3), (1, 2), (2, 2), (2, 1)]: 1.4142135623730951; [(2, 3), (1, 3), (1, 2), (2, 2), (3, 2)]: 1.4142135623730951; [(2, 3), (1, 3), (1, 2), (1, 1)]: 2.23606797749979; [(2, 3), (2, 4)]: 2.23606797749979; [(2, 3), (1, 3), (1, 4), (1, 5), (2, 5)]: 2.0
    7 |     (2, 1) | [(2, 3), (1, 3), (1, 2), (2, 2), (3, 2)]: 1.4142135623730951; [(2, 3), (1, 3), (1, 4), (1, 5), (2, 5)]: 2.0; [(2, 3), (1, 3), (1, 2), (1, 1)]: 2.23606797749979; [(2, 3), (2, 4)]: 2.23606797749979
    8 |     (3, 2) | [(2, 3), (1, 3), (1, 2), (2, 2), (3, 2), (3, 1)]: 1.7320508075688772; [(2, 3), (1, 3), (1, 2), (2, 2), (3, 2), (3, 3)]: 1.7320508075688772; [(2, 3), (1, 3), (1, 2), (1, 1)]: 2.23606797749979; [(2, 3), (2, 4)]: 2.23606797749979; [(2, 3), (1, 3), (1, 4), (1, 5), (2, 5)]: 2.0
    9 |     (3, 1) | [(2, 3), (1, 3), (1, 2), (2, 2), (3, 2), (3, 1), (4, 1)]: 0.0; [(2, 3), (1, 3), (1, 2), (2, 2), (3, 2), (3, 3)]: 1.7320508075688772; [(2, 3), (1, 3), (1, 2), (1, 1)]: 2.23606797749979; [(2, 3), (2, 4)]: 2.23606797749979; [(2, 3), (1, 3), (1, 4), (1, 5), (2, 5)]: 2.0
   10 |     (4, 1) | [(2, 3), (1, 3), (1, 2), (2, 2), (3, 2), (3, 1), (4, 1), (4, 2)]: 1.0; [(2, 3), (1, 3), (1, 2), (2, 2), (3, 2), (3, 3)]: 1.7320508075688772; [(2, 3), (1, 3), (1, 2), (2, 2), (3, 2), (3, 1), (4, 1), (5, 1)]: 1.0; [(2, 3), (2, 4)]: 2.23606797749979; [(2, 3), (1, 3), (1, 4), (1, 5), (2, 5)]: 2.0; [(2, 3), (1, 3), (1, 2), (1, 1)]: 2.23606797749979
   11 |     (4, 2) | [(2, 3), (1, 3), (1, 2), (2, 2), (3, 2), (3, 1), (4, 1), (4, 2), (5, 2)]: 0.0; [(2, 3), (1, 3), (1, 2), (2, 2), (3, 2), (3, 3)]: 1.7320508075688772; [(2, 3), (1, 3), (1, 2), (2, 2), (3, 2), (3, 1), (4, 1), (5, 1)]: 1.0; [(2, 3), (2, 4)]: 2.23606797749979; [(2, 3), (1, 3), (1, 4), (1, 5), (2, 5)]: 2.0; [(2, 3), (1, 3), (1, 2), (1, 1)]: 2.23606797749979
return goal: [(2, 3), (1, 3), (1, 2), (2, 2), (3, 2), (3, 1), (4, 1), (4, 2), (5, 2)]: 0.0
---------------------------------------------------------------------------------------------------

a*

---------------------------------------------------------------------------------------------------
    t
L (open priority queue)
E (closed set)

    1
L: [(2, 3), (1, 3)]: 3.23606797749979; [(2, 3), (2, 4)]: 3.23606797749979
E: [(2, 3)]: 1.4142135623730951

    2
L: [(2, 3), (2, 4)]: 3.23606797749979; [(2, 3), (1, 3), (1, 2)]: 4.0; [(2, 3), (1, 3), (1, 4)]: 4.414213562373095
E: [(2, 3)]: 1.4142135623730951; [(2, 3), (1, 3)]: 3.23606797749979

    3
L: [(2, 3), (1, 3), (1, 2)]: 4.0; [(2, 3), (2, 4), (1, 4)]: 4.414213562373095; [(2, 3), (2, 4), (3, 4)]: 4.0
E: [(2, 3)]: 1.4142135623730951; [(2, 3), (1, 3)]: 3.23606797749979; [(2, 3), (2, 4)]: 3.23606797749979

    4
L: [(2, 3), (2, 4), (3, 4)]: 4.0; [(2, 3), (2, 4), (1, 4)]: 4.414213562373095; [(2, 3), (1, 3), (1, 2), (1, 1)]: 5.23606797749979; [(2, 3), (1, 3), (1, 2), (2, 2)]: 5.732050807568877
E: [(2, 3), (1, 3), (1, 2)]: 4.0; [(2, 3)]: 1.4142135623730951; [(2, 3), (1, 3)]: 3.23606797749979; [(2, 3), (2, 4)]: 3.23606797749979

    5
L: [(2, 3), (2, 4), (1, 4)]: 4.414213562373095; [(2, 3), (2, 4), (3, 4), (3, 3)]: 4.732050807568877; [(2, 3), (1, 3), (1, 2), (1, 1)]: 5.23606797749979; [(2, 3), (1, 3), (1, 2), (2, 2)]: 5.732050807568877; [(2, 3), (2, 4), (3, 4), (4, 4)]: 5.645751311064591
E: [(2, 3), (1, 3), (1, 2)]: 4.0; [(2, 3), (2, 4), (3, 4)]: 4.0; [(2, 3)]: 1.4142135623730951; [(2, 3), (1, 3)]: 3.23606797749979; [(2, 3), (2, 4)]: 3.23606797749979

    6
L: [(2, 3), (2, 4), (3, 4), (3, 3)]: 4.732050807568877; [(2, 3), (2, 4), (3, 4), (4, 4)]: 5.645751311064591; [(2, 3), (1, 3), (1, 2), (1, 1)]: 5.23606797749979; [(2, 3), (1, 3), (1, 2), (2, 2)]: 5.732050807568877; [(2, 3), (2, 4), (1, 4), (1, 5)]: 5.732050807568877
E: [(2, 3), (1, 3), (1, 2)]: 4.0; [(2, 3), (2, 4), (3, 4)]: 4.0; [(2, 3)]: 1.4142135623730951; [(2, 3), (1, 3)]: 3.23606797749979; [(2, 3), (2, 4)]: 3.23606797749979; [(2, 3), (2, 4), (1, 4)]: 4.414213562373095

    7
L: [(2, 3), (2, 4), (3, 4), (3, 3), (4, 3)]: 4.0; [(2, 3), (2, 4), (3, 4), (3, 3), (3, 2)]: 5.414213562373095; [(2, 3), (1, 3), (1, 2), (1, 1)]: 5.23606797749979; [(2, 3), (1, 3), (1, 2), (2, 2)]: 5.732050807568877; [(2, 3), (2, 4), (3, 4), (4, 4)]: 5.645751311064591; [(2, 3), (2, 4), (1, 4), (1, 5)]: 5.732050807568877
E: [(2, 3), (1, 3), (1, 2)]: 4.0; [(2, 3), (2, 4), (3, 4)]: 4.0; [(2, 3)]: 1.4142135623730951; [(2, 3), (1, 3)]: 3.23606797749979; [(2, 3), (2, 4)]: 3.23606797749979; [(2, 3), (2, 4), (3, 4), (3, 3)]: 4.732050807568877; [(2, 3), (2, 4), (1, 4)]: 4.414213562373095

    8
L: [(2, 3), (1, 3), (1, 2), (1, 1)]: 5.23606797749979; [(2, 3), (2, 4), (3, 4), (3, 3), (3, 2)]: 5.414213562373095; [(2, 3), (2, 4), (1, 4), (1, 5)]: 5.732050807568877; [(2, 3), (1, 3), (1, 2), (2, 2)]: 5.732050807568877; [(2, 3), (2, 4), (3, 4), (4, 4)]: 5.645751311064591; [(2, 3), (2, 4), (3, 4), (3, 3), (4, 3), (5, 3)]: 6.0
E: [(2, 3), (1, 3), (1, 2)]: 4.0; [(2, 3), (2, 4), (3, 4)]: 4.0; [(2, 3), (2, 4), (3, 4), (3, 3), (4, 3)]: 4.0; [(2, 3)]: 1.4142135623730951; [(2, 3), (1, 3)]: 3.23606797749979; [(2, 3), (2, 4)]: 3.23606797749979; [(2, 3), (2, 4), (3, 4), (3, 3)]: 4.732050807568877; [(2, 3), (2, 4), (1, 4)]: 4.414213562373095

    9
L: [(2, 3), (2, 4), (3, 4), (3, 3), (3, 2)]: 5.414213562373095; [(2, 3), (2, 4), (3, 4), (4, 4)]: 5.645751311064591; [(2, 3), (1, 3), (1, 2), (1, 1), (2, 1)]: 5.414213562373095; [(2, 3), (1, 3), (1, 2), (2, 2)]: 5.732050807568877; [(2, 3), (2, 4), (3, 4), (3, 3), (4, 3), (5, 3)]: 6.0; [(2, 3), (2, 4), (1, 4), (1, 5)]: 5.732050807568877
E: [(2, 3), (1, 3), (1, 2)]: 4.0; [(2, 3), (2, 4), (3, 4)]: 4.0; [(2, 3), (2, 4), (3, 4), (3, 3), (4, 3)]: 4.0; [(2, 3)]: 1.4142135623730951; [(2, 3), (1, 3)]: 3.23606797749979; [(2, 3), (2, 4)]: 3.23606797749979; [(2, 3), (1, 3), (1, 2), (1, 1)]: 5.23606797749979; [(2, 3), (2, 4), (3, 4), (3, 3)]: 4.732050807568877; [(2, 3), (2, 4), (1, 4)]: 4.414213562373095

   10
L: [(2, 3), (1, 3), (1, 2), (1, 1), (2, 1)]: 5.414213562373095; [(2, 3), (2, 4), (3, 4), (4, 4)]: 5.645751311064591; [(2, 3), (2, 4), (1, 4), (1, 5)]: 5.732050807568877; [(2, 3), (1, 3), (1, 2), (2, 2)]: 5.732050807568877; [(2, 3), (2, 4), (3, 4), (3, 3), (4, 3), (5, 3)]: 6.0; [(2, 3), (2, 4), (3, 4), (3, 3), (3, 2), (3, 1)]: 6.732050807568877
E: [(2, 3), (1, 3), (1, 2)]: 4.0; [(2, 3), (2, 4), (3, 4)]: 4.0; [(2, 3), (2, 4), (3, 4), (3, 3), (4, 3)]: 4.0; [(2, 3), (2, 4), (3, 4), (3, 3), (3, 2)]: 5.414213562373095; [(2, 3)]: 1.4142135623730951; [(2, 3), (1, 3)]: 3.23606797749979; [(2, 3), (2, 4)]: 3.23606797749979; [(2, 3), (1, 3), (1, 2), (1, 1)]: 5.23606797749979; [(2, 3), (2, 4), (3, 4), (3, 3)]: 4.732050807568877; [(2, 3), (2, 4), (1, 4)]: 4.414213562373095

   11
L: [(2, 3), (2, 4), (3, 4), (4, 4)]: 5.645751311064591; [(2, 3), (1, 3), (1, 2), (2, 2)]: 5.732050807568877; [(2, 3), (2, 4), (1, 4), (1, 5)]: 5.732050807568877; [(2, 3), (2, 4), (3, 4), (3, 3), (3, 2), (3, 1)]: 6.732050807568877; [(2, 3), (2, 4), (3, 4), (3, 3), (4, 3), (5, 3)]: 6.0
E: [(2, 3), (1, 3), (1, 2)]: 4.0; [(2, 3), (2, 4), (3, 4)]: 4.0; [(2, 3), (2, 4), (3, 4), (3, 3), (4, 3)]: 4.0; [(2, 3), (2, 4), (3, 4), (3, 3), (3, 2)]: 5.414213562373095; [(2, 3)]: 1.4142135623730951; [(2, 3), (1, 3), (1, 2), (1, 1), (2, 1)]: 5.414213562373095; [(2, 3), (1, 3)]: 3.23606797749979; [(2, 3), (2, 4)]: 3.23606797749979; [(2, 3), (1, 3), (1, 2), (1, 1)]: 5.23606797749979; [(2, 3), (2, 4), (3, 4), (3, 3)]: 4.732050807568877; [(2, 3), (2, 4), (1, 4)]: 4.414213562373095

   12
L: [(2, 3), (1, 3), (1, 2), (2, 2)]: 5.732050807568877; [(2, 3), (2, 4), (3, 4), (3, 3), (4, 3), (5, 3)]: 6.0; [(2, 3), (2, 4), (1, 4), (1, 5)]: 5.732050807568877; [(2, 3), (2, 4), (3, 4), (3, 3), (3, 2), (3, 1)]: 6.732050807568877; [(2, 3), (2, 4), (3, 4), (4, 4), (4, 5)]: 6.449489742783178; [(2, 3), (2, 4), (3, 4), (4, 4), (5, 4)]: 6.449489742783178
E: [(2, 3), (1, 3), (1, 2)]: 4.0; [(2, 3), (2, 4), (3, 4)]: 4.0; [(2, 3), (2, 4), (3, 4), (3, 3), (4, 3)]: 4.0; [(2, 3), (2, 4), (3, 4), (3, 3), (3, 2)]: 5.414213562373095; [(2, 3)]: 1.4142135623730951; [(2, 3), (1, 3), (1, 2), (1, 1), (2, 1)]: 5.414213562373095; [(2, 3), (1, 3)]: 3.23606797749979; [(2, 3), (2, 4)]: 3.23606797749979; [(2, 3), (1, 3), (1, 2), (1, 1)]: 5.23606797749979; [(2, 3), (2, 4), (3, 4), (3, 3)]: 4.732050807568877; [(2, 3), (2, 4), (3, 4), (4, 4)]: 5.645751311064591; [(2, 3), (2, 4), (1, 4)]: 4.414213562373095

   13
L: [(2, 3), (2, 4), (1, 4), (1, 5)]: 5.732050807568877; [(2, 3), (2, 4), (3, 4), (3, 3), (4, 3), (5, 3)]: 6.0; [(2, 3), (2, 4), (3, 4), (4, 4), (5, 4)]: 6.449489742783178; [(2, 3), (2, 4), (3, 4), (3, 3), (3, 2), (3, 1)]: 6.732050807568877; [(2, 3), (2, 4), (3, 4), (4, 4), (4, 5)]: 6.449489742783178
E: [(2, 3), (2, 4), (3, 4), (3, 3), (4, 3)]: 4.0; [(2, 3), (2, 4), (3, 4), (3, 3), (3, 2)]: 5.414213562373095; [(2, 3)]: 1.4142135623730951; [(2, 3), (1, 3), (1, 2), (1, 1)]: 5.23606797749979; [(2, 3), (2, 4), (3, 4), (3, 3)]: 4.732050807568877; [(2, 3), (2, 4), (3, 4), (4, 4)]: 5.645751311064591; [(2, 3), (2, 4), (1, 4)]: 4.414213562373095; [(2, 3), (1, 3), (1, 2)]: 4.0; [(2, 3), (2, 4), (3, 4)]: 4.0; [(2, 3), (1, 3), (1, 2), (1, 1), (2, 1)]: 5.414213562373095; [(2, 3), (1, 3)]: 3.23606797749979; [(2, 3), (2, 4)]: 3.23606797749979; [(2, 3), (1, 3), (1, 2), (2, 2)]: 5.732050807568877

   14
L: [(2, 3), (2, 4), (3, 4), (3, 3), (4, 3), (5, 3)]: 6.0; [(2, 3), (2, 4), (3, 4), (4, 4), (4, 5)]: 6.449489742783178; [(2, 3), (2, 4), (3, 4), (4, 4), (5, 4)]: 6.449489742783178; [(2, 3), (2, 4), (3, 4), (3, 3), (3, 2), (3, 1)]: 6.732050807568877; [(2, 3), (2, 4), (1, 4), (1, 5), (2, 5)]: 7.0
E: [(2, 3), (2, 4), (3, 4), (3, 3), (4, 3)]: 4.0; [(2, 3), (2, 4), (3, 4), (3, 3), (3, 2)]: 5.414213562373095; [(2, 3)]: 1.4142135623730951; [(2, 3), (2, 4), (1, 4), (1, 5)]: 5.732050807568877; [(2, 3), (1, 3), (1, 2), (1, 1)]: 5.23606797749979; [(2, 3), (2, 4), (3, 4), (3, 3)]: 4.732050807568877; [(2, 3), (2, 4), (3, 4), (4, 4)]: 5.645751311064591; [(2, 3), (2, 4), (1, 4)]: 4.414213562373095; [(2, 3), (1, 3), (1, 2)]: 4.0; [(2, 3), (2, 4), (3, 4)]: 4.0; [(2, 3), (1, 3), (1, 2), (1, 1), (2, 1)]: 5.414213562373095; [(2, 3), (1, 3)]: 3.23606797749979; [(2, 3), (2, 4)]: 3.23606797749979; [(2, 3), (1, 3), (1, 2), (2, 2)]: 5.732050807568877

   15
L: [(2, 3), (2, 4), (3, 4), (3, 3), (4, 3), (5, 3), (5, 2)]: 6.0; [(2, 3), (2, 4), (3, 4), (4, 4), (4, 5)]: 6.449489742783178; [(2, 3), (2, 4), (3, 4), (4, 4), (5, 4)]: 6.449489742783178; [(2, 3), (2, 4), (1, 4), (1, 5), (2, 5)]: 7.0; [(2, 3), (2, 4), (3, 4), (3, 3), (3, 2), (3, 1)]: 6.732050807568877
E: [(2, 3), (2, 4), (3, 4), (3, 3), (4, 3)]: 4.0; [(2, 3), (2, 4), (3, 4), (3, 3), (3, 2)]: 5.414213562373095; [(2, 3)]: 1.4142135623730951; [(2, 3), (2, 4), (1, 4), (1, 5)]: 5.732050807568877; [(2, 3), (1, 3), (1, 2), (1, 1)]: 5.23606797749979; [(2, 3), (2, 4), (3, 4), (3, 3)]: 4.732050807568877; [(2, 3), (2, 4), (3, 4), (4, 4)]: 5.645751311064591; [(2, 3), (2, 4), (1, 4)]: 4.414213562373095; [(2, 3), (1, 3), (1, 2)]: 4.0; [(2, 3), (2, 4), (3, 4)]: 4.0; [(2, 3), (1, 3), (1, 2), (1, 1), (2, 1)]: 5.414213562373095; [(2, 3), (1, 3)]: 3.23606797749979; [(2, 3), (2, 4)]: 3.23606797749979; [(2, 3), (2, 4), (3, 4), (3, 3), (4, 3), (5, 3)]: 6.0; [(2, 3), (1, 3), (1, 2), (2, 2)]: 5.732050807568877

return goal: [(2, 3), (2, 4), (3, 4), (3, 3), (4, 3), (5, 3), (5, 2)]: 6.0
---------------------------------------------------------------------------------------------------